Timestamp	Time [s]	WL 1[nm]	WL 2[nm]	WL 3[nm]	WL 4[nm]	WL 5[nm]	WL 6[nm]	WL 7[nm]	WL 8[nm]	
2025-09-03T11:46:08Z	15378.00000	1537.73161
2025-09-03T11:46:08Z	15378.00000	1537.73231
2025-09-03T11:46:08Z	15378.00000	1537.73177
2025-09-03T11:46:08Z	15378.00000	1537.73162
2025-09-03T11:46:08Z	15378.00000	1537.73214
2025-09-03T11:46:08Z	15378.00000	1537.73186
2025-09-03T11:46:08Z	15378.00000	1537.73138
2025-09-03T11:46:09Z	15378.00000	1537.73215
2025-09-03T11:46:09Z	15378.00000	1537.73184
2025-09-03T11:46:09Z	15378.00000	1537.73235
2025-09-03T11:46:09Z	15379.00000	1537.73157
2025-09-03T11:46:09Z	15379.00000	1537.73165
2025-09-03T11:46:09Z	15379.00000	1537.73169
2025-09-03T11:46:09Z	15379.00000	1537.73178
2025-09-03T11:46:09Z	15379.00000	1537.73186
2025-09-03T11:46:09Z	15379.00000	1537.73201
2025-09-03T11:46:09Z	15379.00000	1537.73146
2025-09-03T11:46:10Z	15379.00000	1537.73117
2025-09-03T11:46:10Z	15379.00000	1537.73186
2025-09-03T11:46:10Z	15379.00000	1537.73160
2025-09-03T11:46:10Z	15380.00000	1537.73183
2025-09-03T11:46:10Z	15380.00000	1537.73195
2025-09-03T11:46:10Z	15380.00000	1537.73232
2025-09-03T11:46:10Z	15380.00000	1537.73198
2025-09-03T11:46:10Z	15380.00000	1537.73182
2025-09-03T11:46:10Z	15380.00000	1537.73177
2025-09-03T11:46:10Z	15380.00000	1537.73170
2025-09-03T11:46:11Z	15380.00000	1537.73190
2025-09-03T11:46:11Z	15380.00000	1537.73247
2025-09-03T11:46:11Z	15380.00000	1537.73239
2025-09-03T11:46:11Z	15381.00000	1537.73214
2025-09-03T11:46:11Z	15381.00000	1537.73193
2025-09-03T11:46:11Z	15381.00000	1537.73211
2025-09-03T11:46:11Z	15381.00000	1537.73231
2025-09-03T11:46:11Z	15381.00000	1537.73216
2025-09-03T11:46:11Z	15381.00000	1537.73197
2025-09-03T11:46:11Z	15381.00000	1537.73193
2025-09-03T11:46:12Z	15381.00000	1537.73193
2025-09-03T11:46:12Z	15381.00000	1537.73246
2025-09-03T11:46:12Z	15381.00000	1537.73214
2025-09-03T11:46:12Z	15382.00000	1537.73203
2025-09-03T11:46:12Z	15382.00000	1537.73172
2025-09-03T11:46:12Z	15382.00000	1537.73185
2025-09-03T11:46:12Z	15382.00000	1537.73235
2025-09-03T11:46:12Z	15382.00000	1537.73173
2025-09-03T11:46:12Z	15382.00000	1537.73223
2025-09-03T11:46:12Z	15382.00000	1537.73173
2025-09-03T11:46:13Z	15382.00000	1537.73232
2025-09-03T11:46:13Z	15382.00000	1537.83462
2025-09-03T11:46:13Z	15382.00000	1538.07670
2025-09-03T11:46:13Z	15383.00000	1538.42956
2025-09-03T11:46:13Z	15383.00000	1538.69570
2025-09-03T11:46:13Z	15383.00000	1538.95396
2025-09-03T11:46:13Z	15383.00000	1539.25593
2025-09-03T11:46:13Z	15383.00000	1539.52435
2025-09-03T11:46:13Z	15383.00000	1539.77306
2025-09-03T11:46:13Z	15383.00000	1540.00139
2025-09-03T11:46:14Z	15383.00000	1540.28613
2025-09-03T11:46:14Z	15383.00000	1540.50570
2025-09-03T11:46:14Z	15383.00000	1540.71357
2025-09-03T11:46:14Z	15384.00000	1540.96625
2025-09-03T11:46:14Z	15384.00000	1541.16665
2025-09-03T11:46:14Z	15384.00000	1541.39972
2025-09-03T11:46:14Z	15384.00000	1541.58186
2025-09-03T11:46:14Z	15384.00000	1541.78047
2025-09-03T11:46:14Z	15384.00000	1541.93481
2025-09-03T11:46:14Z	15384.00000	1542.09684
2025-09-03T11:46:15Z	15384.00000	1542.28285
2025-09-03T11:46:15Z	15384.00000	1542.42183
2025-09-03T11:46:15Z	15384.00000	1542.56306	1530.10576	1529.05064	1528.46919
2025-09-03T11:46:15Z	15385.00000	1542.66422	1512.94613
2025-09-03T11:46:15Z	15385.00000	1542.79815	1519.68332
2025-09-03T11:46:15Z	15385.00000	1542.89573	NaN
2025-09-03T11:46:15Z	15385.00000	1542.96687
2025-09-03T11:46:15Z	15385.00000	1543.02512	1516.50137
2025-09-03T11:46:15Z	15385.00000	1543.10172	1525.43608
2025-09-03T11:46:15Z	15385.00000	1543.14348	1534.39103
2025-09-03T11:46:16Z	15385.00000	1544.84057	1543.22416	1540.86053
2025-09-03T11:46:16Z	15385.00000	1546.77735	1544.85724
2025-09-03T11:46:16Z	15385.00000	1546.78371	1544.85995	1543.27682	1540.79279	1538.62816	1536.78042	1534.58702	1532.69869	1530.83358
2025-09-03T11:46:16Z	15386.00000	1543.29312
2025-09-03T11:46:16Z	15386.00000	1543.31592
2025-09-03T11:46:16Z	15386.00000	1543.34164
2025-09-03T11:46:16Z	15386.00000	1543.37384
2025-09-03T11:46:16Z	15386.00000	1543.39039	1510.54750
2025-09-03T11:46:16Z	15386.00000	1543.39643	1512.95926
2025-09-03T11:46:16Z	15386.00000	1543.39936	1514.69566
2025-09-03T11:46:17Z	15386.00000	1543.40691	1516.50103
2025-09-03T11:46:17Z	15386.00000	1541.35615	1517.81420
2025-09-03T11:46:17Z	15386.00000	1540.85406
2025-09-03T11:46:17Z	15387.00000	1540.58490	1519.98894	1518.39483
2025-09-03T11:46:17Z	15387.00000	1540.35079	1530.47659
2025-09-03T11:46:17Z	15387.00000	1540.10704	1519.94107
2025-09-03T11:46:17Z	15387.00000	1539.85099
2025-09-03T11:46:17Z	15387.00000	1539.64190
2025-09-03T11:46:17Z	15387.00000	1539.44056	1516.03672
2025-09-03T11:46:17Z	15387.00000	1539.24511	1516.00677
2025-09-03T11:46:18Z	15387.00000	1539.03362
2025-09-03T11:46:18Z	15387.00000	1538.81382
2025-09-03T11:46:18Z	15387.00000	1538.66489	1514.26285	1511.89168
2025-09-03T11:46:18Z	15388.00000	1538.49050	1516.04617
2025-09-03T11:46:18Z	15388.00000	1538.28982
2025-09-03T11:46:18Z	15388.00000	1538.12611
2025-09-03T11:46:18Z	15388.00000	1537.97513
2025-09-03T11:46:18Z	15388.00000	1537.89516
2025-09-03T11:46:18Z	15388.00000	1537.88476
2025-09-03T11:46:18Z	15388.00000	1537.88140
2025-09-03T11:46:19Z	15388.00000	1537.87752
2025-09-03T11:46:19Z	15388.00000	1537.87326
2025-09-03T11:46:19Z	15388.00000	1537.87043	1510.13917
2025-09-03T11:46:19Z	15389.00000	1537.86719	1510.13914
2025-09-03T11:46:19Z	15389.00000	1537.86505	1510.13964
2025-09-03T11:46:19Z	15389.00000	1537.86318	1510.14152	1510.14152
2025-09-03T11:46:19Z	15389.00000	1537.86140	1510.14251
2025-09-03T11:46:19Z	15389.00000	1537.85971	1510.13884
2025-09-03T11:46:19Z	15389.00000	1537.85734	1510.14153
2025-09-03T11:46:19Z	15389.00000	1537.85568	1510.65742	1510.13961
2025-09-03T11:46:20Z	15389.00000	1537.85430	1511.89430	1511.89430	1510.14169
2025-09-03T11:46:20Z	15389.00000	1537.85286	1511.89093	1510.74131	1510.14184
2025-09-03T11:46:20Z	15389.00000	1537.85162	1511.88614	1510.14146
2025-09-03T11:46:20Z	15390.00000	1537.85056	1511.88216	1510.65532	1510.14190
2025-09-03T11:46:20Z	15390.00000	1537.84854	1511.88281	1510.15432
2025-09-03T11:46:20Z	15390.00000	1537.84734	1511.88711
2025-09-03T11:46:20Z	15390.00000	1537.84677	1511.88650
2025-09-03T11:46:20Z	15390.00000	1537.84542	1511.69306
2025-09-03T11:46:20Z	15390.00000	1537.84411	1511.89239
2025-09-03T11:46:20Z	15390.00000	1537.84467	1511.89410	1510.15461
2025-09-03T11:46:21Z	15390.00000	1537.84275	1511.88919
2025-09-03T11:46:21Z	15390.00000	1537.84152	1511.88452
2025-09-03T11:46:21Z	15390.00000	1537.84130	1511.88908
2025-09-03T11:46:21Z	15391.00000	1537.84021	1511.88134
2025-09-03T11:46:21Z	15391.00000	1537.83903	1511.89104
2025-09-03T11:46:21Z	15391.00000	1537.83835	1511.88654
2025-09-03T11:46:21Z	15391.00000	1537.83794	1511.88617
2025-09-03T11:46:21Z	15391.00000	1537.83710	1511.88917
2025-09-03T11:46:21Z	15391.00000	1537.83696	1512.16898	1511.89070
2025-09-03T11:46:21Z	15391.00000	1537.83574	1512.16639	1511.88754
2025-09-03T11:46:22Z	15391.00000	1537.83546	1512.16805	1511.88416
2025-09-03T11:46:22Z	15391.00000	1537.83423	1512.16657	1511.88501
2025-09-03T11:46:22Z	15391.00000	1537.83357	1511.88503
2025-09-03T11:46:22Z	15392.00000	1537.83306	1512.17252	1511.69619
2025-09-03T11:46:22Z	15392.00000	1537.83267	1513.47829	1512.16023	1511.87912
2025-09-03T11:46:22Z	15392.00000	1537.83182	1513.47702	1512.16475	1511.89064
2025-09-03T11:46:22Z	15392.00000	1537.83134	1513.47633	1512.16821	1511.89103
2025-09-03T11:46:22Z	15392.00000	1537.83108	1512.17170	1511.88562
2025-09-03T11:46:22Z	15392.00000	1537.83071	1513.48054	1512.16675	1511.88535
2025-09-03T11:46:22Z	15392.00000	1537.83016	1513.47460	1512.17432	1511.88992
2025-09-03T11:46:23Z	15392.00000	1537.82947	1513.47143	1512.16154
2025-09-03T11:46:23Z	15392.00000	1538.00827	1511.88079
2025-09-03T11:46:23Z	15392.00000	1538.36137
2025-09-03T11:46:23Z	15393.00000	1538.64837
2025-09-03T11:46:23Z	15393.00000	1538.91471	1514.74412	1514.25906
2025-09-03T11:46:23Z	15393.00000	1539.21150	1522.11554	1520.15539
2025-09-03T11:46:23Z	15393.00000	1539.44592	1512.16144	1511.88922
2025-09-03T11:46:23Z	15393.00000	1539.70893
2025-09-03T11:46:23Z	15393.00000	1539.98658	1515.85620
2025-09-03T11:46:23Z	15393.00000	1540.27140	1510.14053
2025-09-03T11:46:24Z	15393.00000	1540.46758
2025-09-03T11:46:24Z	15393.00000	1540.72001	1512.72612	1512.34664
2025-09-03T11:46:24Z	15393.00000	1540.93827	1524.19999
2025-09-03T11:46:24Z	15394.00000	1541.14621	1528.24401	1526.51143
2025-09-03T11:46:24Z	15394.00000	1541.35212
2025-09-03T11:46:24Z	15394.00000	1541.57873	1511.77182
2025-09-03T11:46:24Z	15394.00000	1541.76472	1520.99339
2025-09-03T11:46:24Z	15394.00000	1541.93879	1524.20150
2025-09-03T11:46:24Z	15394.00000	1542.09976	1516.52408	1515.96181
2025-09-03T11:46:24Z	15394.00000	1542.28222
2025-09-03T11:46:25Z	15394.00000	1542.46332	1515.99129
2025-09-03T11:46:25Z	15394.00000	1542.57243	1523.11019
2025-09-03T11:46:25Z	15394.00000	1542.70569	1532.64733
2025-09-03T11:46:25Z	15395.00000	1542.79706	1538.60246	1536.76110
2025-09-03T11:46:25Z	15395.00000	1542.91183	1540.79157	1538.61663	1536.76937
2025-09-03T11:46:25Z	15395.00000	1542.97011	1534.57956	1532.69467	1530.83156	1528.34147	1526.69298
2025-09-03T11:46:25Z	15395.00000	1543.06458
2025-09-03T11:46:25Z	15395.00000	1543.12198
2025-09-03T11:46:25Z	15395.00000	1543.17543
2025-09-03T11:46:25Z	15395.00000	1543.22026	1511.77182
2025-09-03T11:46:26Z	15395.00000	1543.25845	1514.90576
2025-09-03T11:46:26Z	15395.00000	1543.29864	1517.49844
2025-09-03T11:46:26Z	15395.00000	1543.32451	1519.02587
2025-09-03T11:46:26Z	15396.00000	1543.34653	1519.85170
2025-09-03T11:46:26Z	15396.00000	1543.35897	1521.18343
2025-09-03T11:46:26Z	15396.00000	1543.36876	1521.82022
2025-09-03T11:46:26Z	15396.00000	1543.37913	1523.55514
2025-09-03T11:46:26Z	15396.00000	1543.38791	1524.01345
2025-09-03T11:46:26Z	15396.00000	1543.39943	1524.29107
2025-09-03T11:46:26Z	15396.00000	1543.40936	1523.55648
2025-09-03T11:46:27Z	15396.00000	1543.04444	1519.66541
2025-09-03T11:46:27Z	15396.00000	1541.26937
2025-09-03T11:46:27Z	15396.00000	1540.83314	1516.01372
2025-09-03T11:46:27Z	15397.00000	1540.55006
2025-09-03T11:46:27Z	15397.00000	1540.09057	1528.23715	1526.42508
2025-09-03T11:46:27Z	15397.00000	1539.83748	1516.51400
2025-09-03T11:46:27Z	15397.00000	1539.62920
2025-09-03T11:46:27Z	15397.00000	1539.43491
2025-09-03T11:46:27Z	15397.00000	1539.20752	1513.46387
2025-09-03T11:46:28Z	15397.00000	1539.03026	1510.64460
2025-09-03T11:46:28Z	15397.00000	1538.85251
2025-09-03T11:46:28Z	15397.00000	1538.63503
2025-09-03T11:46:28Z	15398.00000	1538.42884	1513.47367	1513.47367
2025-09-03T11:46:28Z	15398.00000	1538.25969	1511.67733	1510.65842	1510.15235
2025-09-03T11:46:28Z	15398.00000	1538.09695
2025-09-03T11:46:28Z	15398.00000	1537.96840
2025-09-03T11:46:28Z	15398.00000	1537.91523
2025-09-03T11:46:28Z	15398.00000	1537.91353
2025-09-03T11:46:28Z	15398.00000	1537.90724
2025-09-03T11:46:29Z	15398.00000	1537.90322
2025-09-03T11:46:29Z	15398.00000	1537.89827
2025-09-03T11:46:29Z	15398.00000	1537.89672
2025-09-03T11:46:29Z	15399.00000	1537.89277
2025-09-03T11:46:29Z	15399.00000	1537.89102
2025-09-03T11:46:29Z	15399.00000	1537.88892
2025-09-03T11:46:29Z	15399.00000	1537.88724
2025-09-03T11:46:29Z	15399.00000	1537.88404
2025-09-03T11:46:29Z	15399.00000	1537.88276
2025-09-03T11:46:29Z	15399.00000	1537.88103
2025-09-03T11:46:30Z	15399.00000	1537.87953
2025-09-03T11:46:30Z	15399.00000	1537.87793
2025-09-03T11:46:30Z	15399.00000	1537.87651
2025-09-03T11:46:30Z	15400.00000	1537.87430
2025-09-03T11:46:30Z	15400.00000	1537.87358
2025-09-03T11:46:30Z	15400.00000	1537.87256
2025-09-03T11:46:30Z	15400.00000	1537.87099
2025-09-03T11:46:30Z	15400.00000	1537.86872
2025-09-03T11:46:30Z	15400.00000	1537.86826
2025-09-03T11:46:31Z	15400.00000	1537.86658	1510.14087
2025-09-03T11:46:31Z	15400.00000	1537.86560	1510.13894
2025-09-03T11:46:31Z	15401.00000	1537.86413	1510.14056
2025-09-03T11:46:31Z	15401.00000	1537.86266	1510.13856
2025-09-03T11:46:31Z	15401.00000	1537.86236	1510.14139
2025-09-03T11:46:31Z	15401.00000	1537.86119	1510.13767
2025-09-03T11:46:31Z	15401.00000	1537.85995	1510.14120
2025-09-03T11:46:31Z	15401.00000	1537.85921	1510.13855
2025-09-03T11:46:32Z	15401.00000	1537.85826	1510.13861
2025-09-03T11:46:32Z	15401.00000	1537.85779	1510.13855	1510.13855
2025-09-03T11:46:32Z	15402.00000	1537.85637	1510.13981	1510.13981
2025-09-03T11:46:32Z	15402.00000	1537.85633	1510.13935	1510.13935
2025-09-03T11:46:32Z	15402.00000	1537.85476	1510.13749	1510.13749
2025-09-03T11:46:32Z	15402.00000	1537.85430	1510.13889
2025-09-03T11:46:32Z	15402.00000	1537.85338	1510.13941
2025-09-03T11:46:32Z	15402.00000	1537.85269	1510.14150
2025-09-03T11:46:33Z	15402.00000	1537.85253	1510.14186
2025-09-03T11:46:33Z	15402.00000	1538.10973
2025-09-03T11:46:33Z	15402.00000	1538.41594
2025-09-03T11:46:33Z	15403.00000	1538.97988	1517.32902
2025-09-03T11:46:33Z	15403.00000	1539.24553	1516.32382	1516.13504
2025-09-03T11:46:33Z	15403.00000	1539.56922
2025-09-03T11:46:33Z	15403.00000	1539.81070	1513.96954
2025-09-03T11:46:33Z	15403.00000	1540.10451	1511.88020
2025-09-03T11:46:33Z	15403.00000	1540.33587
2025-09-03T11:46:34Z	15403.00000	1540.56240	1511.85536
2025-09-03T11:46:34Z	15403.00000	1540.99848	1528.24011	1526.43511	1526.34489
2025-09-03T11:46:34Z	15404.00000	1541.22048
2025-09-03T11:46:34Z	15404.00000	1541.64943	1522.08872
2025-09-03T11:46:34Z	15404.00000	1541.83357	1519.97188	1518.12050
2025-09-03T11:46:34Z	15404.00000	1542.20274	1512.70849	1512.42624
2025-09-03T11:46:34Z	15404.00000	1542.35877	1523.99510
2025-09-03T11:46:35Z	15404.00000	1542.55605	1534.55358
2025-09-03T11:46:35Z	15404.00000	1542.80749	1524.04665	1524.04665	1522.47752	1520.35346	1512.25903	1510.14766	1510.14766
2025-09-03T11:46:35Z	15405.00000	1543.04981	1511.37150
2025-09-03T11:46:35Z	15405.00000	1543.14846	1516.50771
2025-09-03T11:46:35Z	15405.00000	1543.21049	1520.04668
2025-09-03T11:46:35Z	15405.00000	1543.28187	1522.27836
2025-09-03T11:46:35Z	15405.00000	1543.32799	1523.75288
2025-09-03T11:46:36Z	15405.00000	1543.38378	1524.02045
2025-09-03T11:46:36Z	15405.00000	1543.40591	1520.14887
2025-09-03T11:46:36Z	15405.00000	1543.42168	1517.32512
2025-09-03T11:46:36Z	15406.00000	1543.43829	1513.47805	1511.88683
2025-09-03T11:46:36Z	15406.00000	1543.46778
2025-09-03T11:46:36Z	15406.00000	1543.47953
2025-09-03T11:46:36Z	15406.00000	1543.49152
2025-09-03T11:46:36Z	15406.00000	1543.51324
2025-09-03T11:46:37Z	15406.00000	1542.21834
2025-09-03T11:46:37Z	15406.00000	1540.82602	1519.96600	1518.11109
2025-09-03T11:46:37Z	15407.00000	1540.56004	1513.76207
2025-09-03T11:46:37Z	15407.00000	1540.32949
2025-09-03T11:46:37Z	15407.00000	1540.06341	1523.85837	1522.12773
2025-09-03T11:46:37Z	15407.00000	1539.64141	1515.84097
2025-09-03T11:46:37Z	15407.00000	1539.40908
2025-09-03T11:46:37Z	15407.00000	1539.21454	1510.13937
2025-09-03T11:46:38Z	15407.00000	1539.03182	1513.46801
2025-09-03T11:46:38Z	15407.00000	1538.85920	NaN
2025-09-03T11:46:38Z	15407.00000	1538.63879
2025-09-03T11:46:38Z	15408.00000	1538.46891
2025-09-03T11:46:38Z	15408.00000	1538.29710	1516.04855
2025-09-03T11:46:38Z	15408.00000	1538.10154	1510.13685	1510.13685
2025-09-03T11:46:38Z	15408.00000	1537.94621
2025-09-03T11:46:38Z	15408.00000	1537.93049
2025-09-03T11:46:38Z	15408.00000	1537.92638
2025-09-03T11:46:38Z	15408.00000	1537.92166
2025-09-03T11:46:39Z	15408.00000	1537.91808
2025-09-03T11:46:39Z	15408.00000	1537.91187
2025-09-03T11:46:39Z	15409.00000	1537.90896
2025-09-03T11:46:39Z	15409.00000	1537.90661
2025-09-03T11:46:39Z	15409.00000	1537.90403
2025-09-03T11:46:39Z	15409.00000	1537.90187
2025-09-03T11:46:39Z	15409.00000	1537.89902
2025-09-03T11:46:39Z	15409.00000	1537.89837
2025-09-03T11:46:39Z	15409.00000	1537.89689
2025-09-03T11:46:40Z	15409.00000	1537.89520
2025-09-03T11:46:40Z	15409.00000	1537.89253
2025-09-03T11:46:40Z	15409.00000	1537.89141
2025-09-03T11:46:40Z	15410.00000	1537.88962
2025-09-03T11:46:40Z	15410.00000	1537.88848
2025-09-03T11:46:40Z	15410.00000	1537.88653
2025-09-03T11:46:40Z	15410.00000	1537.88554
2025-09-03T11:46:40Z	15410.00000	1537.88414
2025-09-03T11:46:40Z	15410.00000	1537.88229
2025-09-03T11:46:41Z	15410.00000	1537.88177
2025-09-03T11:46:41Z	15410.00000	1537.88035
2025-09-03T11:46:41Z	15410.00000	1537.88003
2025-09-03T11:46:41Z	15411.00000	1537.87876
2025-09-03T11:46:41Z	15411.00000	1537.87788
2025-09-03T11:46:41Z	15411.00000	1537.87707
2025-09-03T11:46:41Z	15411.00000	1537.87575
2025-09-03T11:46:41Z	15411.00000	1537.87542
2025-09-03T11:46:41Z	15411.00000	1537.87476
2025-09-03T11:46:41Z	15411.00000	1537.87343
2025-09-03T11:46:42Z	15411.00000	1537.87248
2025-09-03T11:46:42Z	15411.00000	1537.87243
2025-09-03T11:46:42Z	15411.00000	1537.87164
2025-09-03T11:46:42Z	15412.00000	1537.87065
2025-09-03T11:46:42Z	15412.00000	1537.86983
2025-09-03T11:46:42Z	15412.00000	1537.86935
2025-09-03T11:46:42Z	15412.00000	1537.86851
2025-09-03T11:46:42Z	15412.00000	1537.86793
2025-09-03T11:46:42Z	15412.00000	1537.86764
2025-09-03T11:46:42Z	15412.00000	1537.86624
2025-09-03T11:46:43Z	15412.00000	1537.89085
2025-09-03T11:46:43Z	15412.00000	1538.21701
2025-09-03T11:46:43Z	15412.00000	1538.47063
2025-09-03T11:46:43Z	15413.00000	1538.80391	1514.75542	1514.25730
2025-09-03T11:46:43Z	15413.00000	1539.07231	1517.92117
2025-09-03T11:46:43Z	15413.00000	1539.33696
2025-09-03T11:46:43Z	15413.00000	1539.63328	1511.96381	1511.86740
2025-09-03T11:46:43Z	15413.00000	1539.90270	1516.04407	1513.77418
2025-09-03T11:46:43Z	15413.00000	1540.19220
2025-09-03T11:46:43Z	15413.00000	1540.46935	1511.37221
2025-09-03T11:46:44Z	15413.00000	1540.92062	1524.03420
2025-09-03T11:46:44Z	15414.00000	1541.33130	1513.47065
2025-09-03T11:46:44Z	15414.00000	1541.51835	1522.10038
2025-09-03T11:46:44Z	15414.00000	1541.70861	1517.91851
2025-09-03T11:46:44Z	15414.00000	1541.91926
2025-09-03T11:46:44Z	15414.00000	1542.10156	1515.83347
2025-09-03T11:46:44Z	15414.00000	1542.25965	1528.20104
2025-09-03T11:46:44Z	15414.00000	1542.42302	1536.75810	1534.56546
2025-09-03T11:46:45Z	15414.00000	1542.62153	1528.25711	1526.53056
2025-09-03T11:46:45Z	15414.00000	1542.77419
2025-09-03T11:46:45Z	15414.00000	1542.89329	1511.75994
2025-09-03T11:46:45Z	15415.00000	1543.02588	1519.95021
2025-09-03T11:46:45Z	15415.00000	1543.12936	1523.99382
2025-09-03T11:46:45Z	15415.00000	1543.15852	1523.75152
2025-09-03T11:46:45Z	15415.00000	1543.17626	1524.10841
2025-09-03T11:46:45Z	15415.00000	1543.25904	1519.96658
2025-09-03T11:46:45Z	15415.00000	1543.31709	1511.88927	1510.14394
2025-09-03T11:46:45Z	15415.00000	1543.36818	1510.14155	1510.14155
2025-09-03T11:46:46Z	15415.00000	1543.41502
2025-09-03T11:46:46Z	15415.00000	1543.46089
2025-09-03T11:46:46Z	15415.00000	1543.50427	1511.37059
2025-09-03T11:46:46Z	15416.00000	1543.53873	1514.70923
2025-09-03T11:46:46Z	15416.00000	1543.55008	1516.88093
2025-09-03T11:46:46Z	15416.00000	1543.55860	1518.27587
2025-09-03T11:46:46Z	15416.00000	1543.58551	1520.04757
2025-09-03T11:46:46Z	15416.00000	1543.61663	1522.06804
2025-09-03T11:46:46Z	15416.00000	1543.63681	1524.10450
2025-09-03T11:46:46Z	15416.00000	1543.65193	1525.83086
2025-09-03T11:46:47Z	15416.00000	1541.54711	1538.60743	1536.85022	1536.76309
2025-09-03T11:46:47Z	15416.00000	1541.12744	1510.63338	1510.13068
2025-09-03T11:46:47Z	15416.00000	1540.83247
2025-09-03T11:46:47Z	15417.00000	1540.57384	1519.95365
2025-09-03T11:46:47Z	15417.00000	1540.30297	1510.01359
2025-09-03T11:46:47Z	15417.00000	1540.07619
2025-09-03T11:46:47Z	15417.00000	1539.86470	1526.51406	1524.30200
2025-09-03T11:46:47Z	15417.00000	1539.60491	1522.92610	1522.28231
2025-09-03T11:46:47Z	15417.00000	1539.38188
2025-09-03T11:46:47Z	15417.00000	1539.18064
2025-09-03T11:46:48Z	15417.00000	1538.96918	1510.36701	1510.13673
2025-09-03T11:46:48Z	15417.00000	1538.74942
2025-09-03T11:46:48Z	15418.00000	1538.43266
2025-09-03T11:46:48Z	15418.00000	1538.26587	1514.05525	1512.18147	1511.79317
2025-09-03T11:46:48Z	15418.00000	1538.12347	1515.85794	1513.76873
2025-09-03T11:46:48Z	15418.00000	1537.96647	1510.13421
2025-09-03T11:46:48Z	15418.00000	1537.95116
2025-09-03T11:46:48Z	15418.00000	1537.94257
2025-09-03T11:46:48Z	15418.00000	1537.93664
2025-09-03T11:46:49Z	15418.00000	1537.92857
2025-09-03T11:46:49Z	15418.00000	1537.92618
2025-09-03T11:46:49Z	15418.00000	1537.92267
2025-09-03T11:46:49Z	15419.00000	1537.92085
2025-09-03T11:46:49Z	15419.00000	1537.91698
2025-09-03T11:46:49Z	15419.00000	1537.91594
2025-09-03T11:46:49Z	15419.00000	1537.91309
2025-09-03T11:46:49Z	15419.00000	1537.91115
2025-09-03T11:46:49Z	15419.00000	1537.90860
2025-09-03T11:46:49Z	15419.00000	1537.90743
2025-09-03T11:46:50Z	15419.00000	1537.90553
2025-09-03T11:46:50Z	15419.00000	1537.90400
2025-09-03T11:46:50Z	15419.00000	1537.90248
2025-09-03T11:46:50Z	15420.00000	1537.89981
2025-09-03T11:46:50Z	15420.00000	1537.90031
2025-09-03T11:46:50Z	15420.00000	1537.89845
2025-09-03T11:46:50Z	15420.00000	1537.89710
2025-09-03T11:46:50Z	15420.00000	1537.89557
2025-09-03T11:46:50Z	15420.00000	1537.89420
2025-09-03T11:46:50Z	15420.00000	1537.89283
2025-09-03T11:46:51Z	15420.00000	1537.89176
2025-09-03T11:46:51Z	15420.00000	1537.89156
2025-09-03T11:46:51Z	15420.00000	1537.88990
2025-09-03T11:46:51Z	15421.00000	1537.88923
2025-09-03T11:46:51Z	15421.00000	1537.88843
2025-09-03T11:46:51Z	15421.00000	1537.88775
2025-09-03T11:46:51Z	15421.00000	1537.88641
2025-09-03T11:46:51Z	15421.00000	1537.88566
2025-09-03T11:46:51Z	15421.00000	1537.88474
2025-09-03T11:46:51Z	15421.00000	1537.88428
2025-09-03T11:46:52Z	15421.00000	1537.88288
2025-09-03T11:46:52Z	15421.00000	1537.88169
2025-09-03T11:46:52Z	15421.00000	1537.88227
2025-09-03T11:46:52Z	15422.00000	1537.88139
2025-09-03T11:46:52Z	15422.00000	1537.88020
2025-09-03T11:46:52Z	15422.00000	1537.87941
2025-09-03T11:46:52Z	15422.00000	1537.87959
2025-09-03T11:46:52Z	15422.00000	1537.87843
2025-09-03T11:46:52Z	15422.00000	1537.87836
2025-09-03T11:46:52Z	15422.00000	1537.87712
2025-09-03T11:46:53Z	15422.00000	1537.96714	1510.13967
2025-09-03T11:46:53Z	15422.00000	1538.29349
2025-09-03T11:46:53Z	15422.00000	1538.58493	1510.01605
2025-09-03T11:46:53Z	15423.00000	1538.85092	1517.83048
2025-09-03T11:46:53Z	15423.00000	1539.16536
2025-09-03T11:46:53Z	15423.00000	1539.42554	1510.02409
2025-09-03T11:46:53Z	15423.00000	1539.69000	1513.97734
2025-09-03T11:46:53Z	15423.00000	1539.98456	1511.88925
2025-09-03T11:46:53Z	15423.00000	1540.23068
2025-09-03T11:46:53Z	15423.00000	1540.47514	1519.05506
2025-09-03T11:46:54Z	15423.00000	1540.71633	1528.23203	1526.50390
2025-09-03T11:46:54Z	15423.00000	1540.96364
2025-09-03T11:46:54Z	15423.00000	1541.17772	1511.66545
2025-09-03T11:46:54Z	15424.00000	1541.38147	1522.55895	1522.28451
2025-09-03T11:46:54Z	15424.00000	1541.56523	1522.11421
2025-09-03T11:46:54Z	15424.00000	1541.80417
2025-09-03T11:46:54Z	15424.00000	1542.05319	1521.82237
2025-09-03T11:46:54Z	15424.00000	1542.24681	1534.39280
2025-09-03T11:46:54Z	15424.00000	1542.38257	1538.61665	1536.76504	1534.64947
2025-09-03T11:46:54Z	15424.00000	1542.54895	1516.07690	1516.07690	1511.91292	1511.91292	1510.14778
2025-09-03T11:46:55Z	15424.00000	1542.68070	1510.13765
2025-09-03T11:46:55Z	15424.00000	1542.82098	1517.51534
2025-09-03T11:46:55Z	15424.00000	1542.93998	1522.09534
2025-09-03T11:46:55Z	15425.00000	1543.06797	1523.84852
2025-09-03T11:46:55Z	15425.00000	1543.15837	1519.96884	1519.96884	1518.40824	1517.91815
2025-09-03T11:46:55Z	15425.00000	1543.21533	1511.89068	1510.75368	1510.16029
2025-09-03T11:46:55Z	15425.00000	1543.31001
2025-09-03T11:46:55Z	15425.00000	1543.38264	1511.65377
2025-09-03T11:46:55Z	15425.00000	1543.45488	1515.53448
2025-09-03T11:46:55Z	15425.00000	1543.53107	1518.46250
2025-09-03T11:46:56Z	15425.00000	1543.55638	1521.81574
2025-09-03T11:46:56Z	15425.00000	1543.59899	1525.62788
2025-09-03T11:46:56Z	15425.00000	1543.62643	1529.61522	1529.21300
2025-09-03T11:46:56Z	15426.00000	1543.64196	1533.34057
2025-09-03T11:46:56Z	15426.00000	1543.65538	1538.43716
2025-09-03T11:46:56Z	15426.00000	1543.66676	1540.76437
2025-09-03T11:46:56Z	15426.00000	1544.67488
2025-09-03T11:46:56Z	15426.00000	1546.75671
2025-09-03T11:46:56Z	15426.00000	1548.56947	1546.76687
2025-09-03T11:46:56Z	15426.00000	1548.43778
2025-09-03T11:46:57Z	15426.00000	1541.55722	1528.26016	1526.52410	1526.52410	1523.86550
2025-09-03T11:46:57Z	15426.00000	1541.08107	1520.81545	1520.40527
2025-09-03T11:46:57Z	15426.00000	1540.80943
2025-09-03T11:46:57Z	15427.00000	1540.56848	1516.23822
2025-09-03T11:46:57Z	15427.00000	1540.29797	1516.52839
2025-09-03T11:46:57Z	15427.00000	1540.03794
2025-09-03T11:46:57Z	15427.00000	1539.81166	1528.24832	1526.51028
2025-09-03T11:46:57Z	15427.00000	1539.58029	1528.22725	1526.04791
2025-09-03T11:46:57Z	15427.00000	1539.42115	1518.73989
2025-09-03T11:46:57Z	15427.00000	1539.23550
2025-09-03T11:46:58Z	15427.00000	1539.04118
2025-09-03T11:46:58Z	15427.00000	1538.85695	1513.46941
2025-09-03T11:46:58Z	15427.00000	1538.65331
2025-09-03T11:46:58Z	15428.00000	1538.47821
2025-09-03T11:46:58Z	15428.00000	1538.30534	1510.13964
2025-09-03T11:46:58Z	15428.00000	1538.10919	1516.04256	1513.77535
2025-09-03T11:46:58Z	15428.00000	1537.98126	1513.18238
2025-09-03T11:46:58Z	15428.00000	1537.95614
2025-09-03T11:46:58Z	15428.00000	1537.95511
2025-09-03T11:46:58Z	15428.00000	1537.94722
2025-09-03T11:46:59Z	15428.00000	1537.94319
2025-09-03T11:46:59Z	15428.00000	1537.93739
2025-09-03T11:46:59Z	15428.00000	1537.93428
2025-09-03T11:46:59Z	15429.00000	1537.93280
2025-09-03T11:46:59Z	15429.00000	1537.92916
2025-09-03T11:46:59Z	15429.00000	1537.92664
2025-09-03T11:46:59Z	15429.00000	1537.92335
2025-09-03T11:46:59Z	15429.00000	1537.92125
2025-09-03T11:46:59Z	15429.00000	1537.91908
2025-09-03T11:46:59Z	15429.00000	1537.91691
2025-09-03T11:47:00Z	15429.00000	1537.91561
2025-09-03T11:47:00Z	15429.00000	1537.91448
2025-09-03T11:47:00Z	15429.00000	1537.91238
2025-09-03T11:47:00Z	15430.00000	1537.91033
2025-09-03T11:47:00Z	15430.00000	1537.90859
2025-09-03T11:47:00Z	15430.00000	1537.90788
2025-09-03T11:47:00Z	15430.00000	1537.90651
2025-09-03T11:47:00Z	15430.00000	1537.90513
2025-09-03T11:47:00Z	15430.00000	1537.90407
2025-09-03T11:47:00Z	15430.00000	1537.90290
2025-09-03T11:47:01Z	15430.00000	1537.90262
2025-09-03T11:47:01Z	15430.00000	1537.90067
2025-09-03T11:47:01Z	15430.00000	1537.89988
2025-09-03T11:47:01Z	15431.00000	1537.89901
2025-09-03T11:47:01Z	15431.00000	1537.89771
2025-09-03T11:47:01Z	15431.00000	1537.89731
2025-09-03T11:47:01Z	15431.00000	1537.89603
2025-09-03T11:47:01Z	15431.00000	1537.89515
2025-09-03T11:47:01Z	15431.00000	1537.89488
2025-09-03T11:47:01Z	15431.00000	1537.89325
2025-09-03T11:47:02Z	15431.00000	1537.89233
2025-09-03T11:47:02Z	15431.00000	1537.89192
2025-09-03T11:47:02Z	15431.00000	1537.89107
2025-09-03T11:47:02Z	15432.00000	1537.89027
2025-09-03T11:47:02Z	15432.00000	1537.88978
2025-09-03T11:47:02Z	15432.00000	1537.88931
2025-09-03T11:47:02Z	15432.00000	1537.88826
2025-09-03T11:47:02Z	15432.00000	1537.88799
2025-09-03T11:47:02Z	15432.00000	1537.88685
2025-09-03T11:47:02Z	15432.00000	1537.88653
2025-09-03T11:47:03Z	15432.00000	1538.06761
2025-09-03T11:47:03Z	15432.00000	1538.31814
2025-09-03T11:47:03Z	15432.00000	1538.65689	1515.86161
2025-09-03T11:47:03Z	15433.00000	1538.97102
2025-09-03T11:47:03Z	15433.00000	1539.23541
2025-09-03T11:47:03Z	15433.00000	1539.49526	1511.86950
2025-09-03T11:47:03Z	15433.00000	1539.76057	1517.32924
2025-09-03T11:47:03Z	15433.00000	1540.01295
2025-09-03T11:47:03Z	15433.00000	1540.30665	1513.16633
2025-09-03T11:47:03Z	15433.00000	1540.54661	1526.32705
2025-09-03T11:47:04Z	15433.00000	1540.77117	1516.06839	1514.26974
2025-09-03T11:47:04Z	15433.00000	1541.01995
2025-09-03T11:47:04Z	15433.00000	1541.22488	1522.07501
2025-09-03T11:47:04Z	15434.00000	1541.42669	1523.75086
2025-09-03T11:47:04Z	15434.00000	1541.65182
2025-09-03T11:47:04Z	15434.00000	1541.88132	1515.76093
2025-09-03T11:47:04Z	15434.00000	1542.07548	1530.29598
2025-09-03T11:47:04Z	15434.00000	1542.24860	1536.76583	1536.45300	1534.57361
2025-09-03T11:47:04Z	15434.00000	1542.42774
2025-09-03T11:47:04Z	15434.00000	1542.55571	1510.13747
2025-09-03T11:47:05Z	15434.00000	1542.69205	1519.03723
2025-09-03T11:47:05Z	15434.00000	1542.86322	1525.85114
2025-09-03T11:47:05Z	15434.00000	1542.98224	1524.02376	1522.29402	1522.11393
2025-09-03T11:47:05Z	15435.00000	1543.09458
2025-09-03T11:47:05Z	15435.00000	1543.18925
2025-09-03T11:47:05Z	15435.00000	1543.27263	1510.01812
2025-09-03T11:47:05Z	15435.00000	1543.36310	1517.05523
2025-09-03T11:47:05Z	15435.00000	1543.42914	1521.81896
2025-09-03T11:47:05Z	15435.00000	1543.49527	1526.03607
2025-09-03T11:47:05Z	15435.00000	1543.55375	1532.65043
2025-09-03T11:47:06Z	15435.00000	1543.58741	1538.43636
2025-09-03T11:47:06Z	15435.00000	1543.61933	1540.85387
2025-09-03T11:47:06Z	15435.00000	1546.75944	1544.83529
2025-09-03T11:47:06Z	15436.00000	1548.56975	1546.64757	1546.64757
2025-09-03T11:47:06Z	15436.00000	1551.94266	1551.49410	1550.56389
2025-09-03T11:47:06Z	15436.00000	1555.04420	1552.71739
2025-09-03T11:47:06Z	15436.00000	1556.94537	1554.76412	1552.97005	1512.26257
2025-09-03T11:47:06Z	15436.00000	1556.94888	1554.77375	1552.96529	1552.72495	1538.77405	1536.78453	1534.59310	1532.70251
2025-09-03T11:47:06Z	15436.00000	1556.95150	1554.92046	1552.73260	1552.41400	1550.81422	1548.60390	1546.79058	1543.78696
2025-09-03T11:47:06Z	15436.00000	1543.82273
2025-09-03T11:47:07Z	15436.00000	1543.83372
2025-09-03T11:47:07Z	15436.00000	1541.64260
2025-09-03T11:47:07Z	15436.00000	1541.13943	1532.66626	1530.79901
2025-09-03T11:47:07Z	15437.00000	1540.86712	1517.07934
2025-09-03T11:47:07Z	15437.00000	1540.62094
2025-09-03T11:47:07Z	15437.00000	1540.34025	1522.08994
2025-09-03T11:47:07Z	15437.00000	1540.08679	1512.42478
2025-09-03T11:47:07Z	15437.00000	1539.90617
2025-09-03T11:47:07Z	15437.00000	1539.69785	1519.81019	1518.21838
2025-09-03T11:47:07Z	15437.00000	1539.45215	1525.26372
2025-09-03T11:47:08Z	15437.00000	1539.23359	1510.64051
2025-09-03T11:47:08Z	15437.00000	1539.04310
2025-09-03T11:47:08Z	15437.00000	1538.85801	1511.88149	1510.13920
2025-09-03T11:47:08Z	15438.00000	1538.68015	1513.17209
2025-09-03T11:47:08Z	15438.00000	1538.50776
2025-09-03T11:47:08Z	15438.00000	1538.30422
2025-09-03T11:47:08Z	15438.00000	1538.13859	1516.04720
2025-09-03T11:47:08Z	15438.00000	1538.00293	1514.75036	1514.53680	1513.77605
2025-09-03T11:47:08Z	15438.00000	1537.96866	1513.46670	1512.14947
2025-09-03T11:47:08Z	15438.00000	1537.95839	1510.13521	1510.13521
2025-09-03T11:47:09Z	15438.00000	1537.95853
2025-09-03T11:47:09Z	15438.00000	1537.95064
2025-09-03T11:47:09Z	15439.00000	1537.94890
2025-09-03T11:47:09Z	15439.00000	1537.94501
2025-09-03T11:47:09Z	15439.00000	1537.94276
2025-09-03T11:47:09Z	15439.00000	1537.94071
2025-09-03T11:47:09Z	15439.00000	1537.93797
2025-09-03T11:47:09Z	15439.00000	1537.93328
2025-09-03T11:47:09Z	15439.00000	1537.93109
2025-09-03T11:47:10Z	15439.00000	1537.92886
2025-09-03T11:47:10Z	15439.00000	1537.92553
2025-09-03T11:47:10Z	15440.00000	1537.92320
2025-09-03T11:47:10Z	15440.00000	1537.91982
2025-09-03T11:47:10Z	15440.00000	1537.91800
2025-09-03T11:47:10Z	15440.00000	1537.91722
2025-09-03T11:47:10Z	15440.00000	1537.91532
2025-09-03T11:47:10Z	15440.00000	1537.91396
2025-09-03T11:47:11Z	15440.00000	1537.91297
2025-09-03T11:47:11Z	15440.00000	1537.91125
2025-09-03T11:47:11Z	15441.00000	1537.90931
2025-09-03T11:47:11Z	15441.00000	1537.90829
2025-09-03T11:47:11Z	15441.00000	1537.90694
2025-09-03T11:47:11Z	15441.00000	1537.90533
2025-09-03T11:47:11Z	15441.00000	1537.90477
2025-09-03T11:47:12Z	15441.00000	1537.90281
2025-09-03T11:47:12Z	15441.00000	1537.90201
2025-09-03T11:47:12Z	15442.00000	1537.90029
2025-09-03T11:47:12Z	15442.00000	1537.89970
2025-09-03T11:47:12Z	15442.00000	1537.89788
2025-09-03T11:47:12Z	15442.00000	1537.89756
2025-09-03T11:47:12Z	15442.00000	1537.89631
2025-09-03T11:47:13Z	15442.00000	1537.89526
2025-09-03T11:47:13Z	15442.00000	1538.06852
2025-09-03T11:47:13Z	15443.00000	1538.64641	1516.04288	1513.77254
2025-09-03T11:47:13Z	15443.00000	1538.92084
2025-09-03T11:47:13Z	15443.00000	1539.23417
2025-09-03T11:47:13Z	15443.00000	1539.76310	1513.76901	1513.47655
2025-09-03T11:47:13Z	15443.00000	1540.01939
2025-09-03T11:47:13Z	15443.00000	1540.27009	1516.02258
2025-09-03T11:47:14Z	15443.00000	1540.56092	1526.33309	1524.29584
2025-09-03T11:47:14Z	15443.00000	1540.82343
2025-09-03T11:47:14Z	15444.00000	1541.21022	1523.74632
2025-09-03T11:47:14Z	15444.00000	1541.41809	1522.11657
2025-09-03T11:47:14Z	15444.00000	1541.63970
2025-09-03T11:47:14Z	15444.00000	1541.81962	1519.67788
2025-09-03T11:47:14Z	15444.00000	1542.03418	1532.66760
2025-09-03T11:47:14Z	15444.00000	1542.21711	1528.25439	1526.68539
2025-09-03T11:47:15Z	15444.00000	1542.53269	1517.31558
2025-09-03T11:47:15Z	15444.00000	1542.71223	1525.24450	1524.67517
2025-09-03T11:47:15Z	15445.00000	1542.97644
2025-09-03T11:47:15Z	15445.00000	1543.08284
2025-09-03T11:47:15Z	15445.00000	1543.18984	1513.53890
2025-09-03T11:47:15Z	15445.00000	1543.36276	1525.24054
2025-09-03T11:47:15Z	15445.00000	1543.42432	1532.35004
2025-09-03T11:47:15Z	15445.00000	1543.47577	1540.75530
2025-09-03T11:47:16Z	15445.00000	1548.57069	1546.77281	1544.84231
2025-09-03T11:47:16Z	15445.00000	1548.58445	1546.78234	1546.78234
2025-09-03T11:47:16Z	15446.00000	1552.71880	1552.40112	1550.80607	1548.58883	1546.78811	1530.83760	1528.42323	1526.53533	1524.14351	1524.05725	1522.14788	1520.35774	1518.40699	1518.40699	1516.07973	1516.07973
2025-09-03T11:47:16Z	15446.00000	1559.08303	1557.08379	1555.05980	1552.90438	1550.81306	1550.81306	1548.73967	1546.78938	1544.84992
2025-09-03T11:47:16Z	15446.00000	1543.76917
2025-09-03T11:47:16Z	15446.00000	1543.78355
2025-09-03T11:47:16Z	15446.00000	1543.80052
2025-09-03T11:47:16Z	15446.00000	1543.81396	1510.13622
2025-09-03T11:47:17Z	15446.00000	1543.78450	1510.64366	1510.13861
2025-09-03T11:47:17Z	15446.00000	1541.42140
2025-09-03T11:47:17Z	15446.00000	1540.98888	1528.30915
2025-09-03T11:47:17Z	15447.00000	1540.72327	1512.50277	1512.13629
2025-09-03T11:47:17Z	15447.00000	1540.27204	1519.97622
2025-09-03T11:47:17Z	15447.00000	1540.04973	1516.03051
2025-09-03T11:47:17Z	15447.00000	1539.84560
2025-09-03T11:47:17Z	15447.00000	1539.58730	1525.08010	1524.21362
2025-09-03T11:47:18Z	15447.00000	1539.20692	1511.66637
2025-09-03T11:47:18Z	15447.00000	1539.01466
2025-09-03T11:47:18Z	15447.00000	1538.80218
2025-09-03T11:47:18Z	15448.00000	1538.58195	1510.14012
2025-09-03T11:47:18Z	15448.00000	1538.26685
2025-09-03T11:47:18Z	15448.00000	1538.10644	1513.47426	1512.16716
2025-09-03T11:47:18Z	15448.00000	1537.98221	1516.12907
2025-09-03T11:47:18Z	15448.00000	1537.96734	1513.46783
2025-09-03T11:47:18Z	15448.00000	1537.96507	1511.87085
2025-09-03T11:47:19Z	15448.00000	1537.96184	1510.64597	1510.13713
2025-09-03T11:47:19Z	15448.00000	1537.95421
2025-09-03T11:47:19Z	15449.00000	1537.94848
2025-09-03T11:47:19Z	15449.00000	1537.94706
2025-09-03T11:47:19Z	15449.00000	1537.94326
2025-09-03T11:47:19Z	15449.00000	1537.94138
2025-09-03T11:47:19Z	15449.00000	1537.93634
2025-09-03T11:47:20Z	15449.00000	1537.93485
2025-09-03T11:47:20Z	15449.00000	1537.93224
2025-09-03T11:47:20Z	15449.00000	1537.93105
2025-09-03T11:47:20Z	15450.00000	1537.92856
2025-09-03T11:47:20Z	15450.00000	1537.92676
2025-09-03T11:47:20Z	15450.00000	1537.92477
2025-09-03T11:47:20Z	15450.00000	1537.92412
2025-09-03T11:47:20Z	15450.00000	1537.92126
2025-09-03T11:47:20Z	15450.00000	1537.91987
2025-09-03T11:47:21Z	15450.00000	1537.91940
2025-09-03T11:47:21Z	15450.00000	1537.91629
2025-09-03T11:47:21Z	15450.00000	1537.91615
2025-09-03T11:47:21Z	15451.00000	1537.91504
2025-09-03T11:47:21Z	15451.00000	1537.91362
2025-09-03T11:47:21Z	15451.00000	1537.91271
2025-09-03T11:47:21Z	15451.00000	1537.91101
2025-09-03T11:47:21Z	15451.00000	1537.90994
2025-09-03T11:47:21Z	15451.00000	1537.90903
2025-09-03T11:47:22Z	15451.00000	1537.90829
2025-09-03T11:47:22Z	15451.00000	1537.90765
2025-09-03T11:47:22Z	15451.00000	1537.90586
2025-09-03T11:47:22Z	15452.00000	1537.90539
2025-09-03T11:47:22Z	15452.00000	1537.90439
2025-09-03T11:47:22Z	15452.00000	1537.90350
2025-09-03T11:47:22Z	15452.00000	1537.90295
2025-09-03T11:47:22Z	15452.00000	1537.90207
2025-09-03T11:47:22Z	15452.00000	1537.90128
2025-09-03T11:47:23Z	15452.00000	1537.90072
2025-09-03T11:47:23Z	15452.00000	1538.12719
2025-09-03T11:47:23Z	15452.00000	1538.48959	1516.03930	1513.76867
2025-09-03T11:47:23Z	15453.00000	1538.72166	1516.03796
2025-09-03T11:47:23Z	15453.00000	1538.98643
2025-09-03T11:47:23Z	15453.00000	1539.30399	1510.14019
2025-09-03T11:47:23Z	15453.00000	1539.61503	1519.79196
2025-09-03T11:47:23Z	15453.00000	1539.91757
2025-09-03T11:47:23Z	15453.00000	1540.16039	1513.96862
2025-09-03T11:47:24Z	15453.00000	1540.64772	1516.05790	1516.05790	1514.26731
2025-09-03T11:47:24Z	15453.00000	1541.11591	1522.09541
2025-09-03T11:47:24Z	15454.00000	1541.29005	1524.02086
2025-09-03T11:47:24Z	15454.00000	1541.48623
2025-09-03T11:47:24Z	15454.00000	1541.80097	1522.71722
2025-09-03T11:47:24Z	15454.00000	1541.99501	1532.66145
2025-09-03T11:47:24Z	15454.00000	1542.29744	1510.14243
2025-09-03T11:47:24Z	15454.00000	1542.46710	1518.65270	1518.09307
2025-09-03T11:47:25Z	15454.00000	1542.78404	1525.05757	1524.29521
2025-09-03T11:47:25Z	15454.00000	1542.89159	1510.14451
2025-09-03T11:47:25Z	15455.00000	1543.00035
2025-09-03T11:47:25Z	15455.00000	1543.10655	1511.65254
2025-09-03T11:47:25Z	15455.00000	1543.22148	1521.37454
2025-09-03T11:47:25Z	15455.00000	1543.31320	1528.21144
2025-09-03T11:47:25Z	15455.00000	1543.34910	1534.37854
2025-09-03T11:47:25Z	15455.00000	1543.43965	1540.76743
2025-09-03T11:47:25Z	15455.00000	1546.65061	1544.84096
2025-09-03T11:47:26Z	15455.00000	1550.80185	1548.58014	1546.78645
2025-09-03T11:47:26Z	15455.00000	1548.59089	1546.78570	1544.85490	1540.79846	1538.76795	1536.78643	1534.59595	1532.70318	1528.26461
2025-09-03T11:47:26Z	15455.00000	1543.64302
2025-09-03T11:47:26Z	15456.00000	1543.66319
2025-09-03T11:47:26Z	15456.00000	1543.69571
2025-09-03T11:47:26Z	15456.00000	1543.74484	1510.14078
2025-09-03T11:47:26Z	15456.00000	1543.76629	1512.14559
2025-09-03T11:47:26Z	15456.00000	1543.78780	1516.00392
2025-09-03T11:47:26Z	15456.00000	1543.80281	1516.51073
2025-09-03T11:47:26Z	15456.00000	1543.82126	1518.83429
2025-09-03T11:47:27Z	15456.00000	1542.75186	1529.61661
2025-09-03T11:47:27Z	15456.00000	1541.28767
2025-09-03T11:47:27Z	15457.00000	1540.64027	1510.13046
2025-09-03T11:47:27Z	15457.00000	1540.43526
2025-09-03T11:47:27Z	15457.00000	1540.21245	1520.06970
2025-09-03T11:47:27Z	15457.00000	1539.96306	1516.90052
2025-09-03T11:47:27Z	15457.00000	1539.79293	1510.14045
2025-09-03T11:47:27Z	15457.00000	1539.53874	1520.84297	1520.16030
2025-09-03T11:47:27Z	15457.00000	1539.30587	1522.09298
2025-09-03T11:47:28Z	15457.00000	1539.08336
2025-09-03T11:47:28Z	15457.00000	1538.87806
2025-09-03T11:47:28Z	15458.00000	1538.63627	1511.69526
2025-09-03T11:47:28Z	15458.00000	1538.46579
2025-09-03T11:47:28Z	15458.00000	1538.18122	1510.13930
2025-09-03T11:47:28Z	15458.00000	1538.04897	1511.88027
2025-09-03T11:47:28Z	15458.00000	1537.98231	1516.02165
2025-09-03T11:47:28Z	15458.00000	1537.96860	1514.23709
2025-09-03T11:47:29Z	15458.00000	1537.96449	1512.15905
2025-09-03T11:47:29Z	15458.00000	1537.96082	1511.37960	1510.64763	1510.13878
2025-09-03T11:47:29Z	15458.00000	1537.95827	1510.13559
2025-09-03T11:47:29Z	15459.00000	1537.95471	1510.13697	1510.13697
2025-09-03T11:47:29Z	15459.00000	1537.95293
2025-09-03T11:47:29Z	15459.00000	1537.94941
2025-09-03T11:47:29Z	15459.00000	1537.94871
2025-09-03T11:47:29Z	15459.00000	1537.94687
2025-09-03T11:47:29Z	15459.00000	1537.94446
2025-09-03T11:47:29Z	15459.00000	1537.94239
2025-09-03T11:47:30Z	15459.00000	1537.94063
2025-09-03T11:47:30Z	15459.00000	1537.93805
2025-09-03T11:47:30Z	15459.00000	1537.93690
2025-09-03T11:47:30Z	15460.00000	1537.93507
2025-09-03T11:47:30Z	15460.00000	1537.93330
2025-09-03T11:47:30Z	15460.00000	1537.93130
2025-09-03T11:47:30Z	15460.00000	1537.92906
2025-09-03T11:47:30Z	15460.00000	1537.92799
2025-09-03T11:47:30Z	15460.00000	1537.92648
2025-09-03T11:47:31Z	15460.00000	1537.92397
2025-09-03T11:47:31Z	15460.00000	1537.92301
2025-09-03T11:47:31Z	15460.00000	1537.92229
2025-09-03T11:47:31Z	15461.00000	1537.92088
2025-09-03T11:47:31Z	15461.00000	1537.91948
2025-09-03T11:47:31Z	15461.00000	1537.91915
2025-09-03T11:47:31Z	15461.00000	1537.91766
2025-09-03T11:47:31Z	15461.00000	1537.91667
2025-09-03T11:47:31Z	15461.00000	1537.91565
2025-09-03T11:47:31Z	15461.00000	1537.91519
2025-09-03T11:47:32Z	15461.00000	1537.91358
2025-09-03T11:47:32Z	15461.00000	1537.91321
2025-09-03T11:47:32Z	15461.00000	1537.91164
2025-09-03T11:47:32Z	15462.00000	1537.91137
2025-09-03T11:47:32Z	15462.00000	1537.91069
2025-09-03T11:47:32Z	15462.00000	1537.90988
2025-09-03T11:47:32Z	15462.00000	1537.90887
2025-09-03T11:47:32Z	15462.00000	1537.90793
2025-09-03T11:47:32Z	15462.00000	1537.90666
2025-09-03T11:47:33Z	15462.00000	1537.90676
2025-09-03T11:47:33Z	15462.00000	1537.97931
2025-09-03T11:47:33Z	15462.00000	1538.24241
2025-09-03T11:47:33Z	15462.00000	1538.50664	1516.04146
2025-09-03T11:47:33Z	15463.00000	1538.77999
2025-09-03T11:47:33Z	15463.00000	1539.09451
2025-09-03T11:47:33Z	15463.00000	1539.39973	1517.31674
2025-09-03T11:47:33Z	15463.00000	1539.75164
2025-09-03T11:47:33Z	15463.00000	1540.08949	NaN
2025-09-03T11:47:33Z	15463.00000	1540.37558	1523.93351
2025-09-03T11:47:34Z	15463.00000	1540.64364
2025-09-03T11:47:34Z	15463.00000	1540.89022	1513.26826
2025-09-03T11:47:34Z	15464.00000	1541.17577	1526.49166
2025-09-03T11:47:34Z	15464.00000	1541.42812
2025-09-03T11:47:34Z	15464.00000	1541.74826	1521.91044
2025-09-03T11:47:34Z	15464.00000	1541.97334	1534.56120
2025-09-03T11:47:34Z	15464.00000	1542.19958
2025-09-03T11:47:34Z	15464.00000	1542.39155	1517.30415
2025-09-03T11:47:35Z	15464.00000	1542.59580	1528.21869	1526.40746
2025-09-03T11:47:35Z	15464.00000	1542.76588	1521.01621	1520.33458
2025-09-03T11:47:35Z	15464.00000	1542.91145
2025-09-03T11:47:35Z	15465.00000	1543.06371	1516.01860
2025-09-03T11:47:35Z	15465.00000	1543.19556	1523.11683
2025-09-03T11:47:35Z	15465.00000	1543.32422	1538.59370
2025-09-03T11:47:35Z	15465.00000	1543.40545	1540.94761
2025-09-03T11:47:35Z	15465.00000	1546.76812	1544.84499
2025-09-03T11:47:35Z	15465.00000	1550.80306	1548.59021	1546.78242	1544.84927
2025-09-03T11:47:36Z	15465.00000	1548.59938	1546.78474	1544.84962	1543.58263
2025-09-03T11:47:36Z	15465.00000	1543.61814
2025-09-03T11:47:36Z	15465.00000	1543.64800
2025-09-03T11:47:36Z	15466.00000	1543.68309	1510.13642	1510.13642
2025-09-03T11:47:36Z	15466.00000	1543.70409	1513.25594
2025-09-03T11:47:36Z	15466.00000	1543.72874	1517.30426
2025-09-03T11:47:36Z	15466.00000	1543.74484	1519.05057
2025-09-03T11:47:36Z	15466.00000	1543.75494	1519.03396
2025-09-03T11:47:36Z	15466.00000	1543.76748	1519.85621
2025-09-03T11:47:36Z	15466.00000	1543.77931	1520.04114
2025-09-03T11:47:37Z	15466.00000	1541.65893	1523.91911
2025-09-03T11:47:37Z	15466.00000	1541.14419
2025-09-03T11:47:37Z	15466.00000	1540.84736	1530.46625	1529.23334
2025-09-03T11:47:37Z	15467.00000	1540.65517	1515.93981
2025-09-03T11:47:37Z	15467.00000	1540.34094
2025-09-03T11:47:37Z	15467.00000	1540.16199	1523.84761
2025-09-03T11:47:37Z	15467.00000	1539.95249	1519.03345
2025-09-03T11:47:37Z	15467.00000	1539.69916
2025-09-03T11:47:37Z	15467.00000	1539.46543	1524.03242
2025-09-03T11:47:37Z	15467.00000	1539.26835	1523.82905
2025-09-03T11:47:38Z	15467.00000	1539.07809	1511.84617	1510.54324
2025-09-03T11:47:38Z	15467.00000	1538.87460
2025-09-03T11:47:38Z	15467.00000	1538.72721	1512.24079
2025-09-03T11:47:38Z	15468.00000	1538.55082	1513.46180	1513.46180	1512.43614
2025-09-03T11:47:38Z	15468.00000	1538.34390
2025-09-03T11:47:38Z	15468.00000	1538.15619	1510.37727	1510.13782
2025-09-03T11:47:38Z	15468.00000	1538.05850	1511.88788	1510.15333
2025-09-03T11:47:38Z	15468.00000	1537.98199	1516.72141
2025-09-03T11:47:38Z	15468.00000	1537.97896	1516.02988
2025-09-03T11:47:38Z	15468.00000	1537.97210	1514.72690
2025-09-03T11:47:39Z	15468.00000	1537.96921	1513.77138
2025-09-03T11:47:39Z	15468.00000	1537.96318	1512.15779
2025-09-03T11:47:39Z	15468.00000	1537.96151	1511.37222
2025-09-03T11:47:39Z	15469.00000	1537.95843	1511.38143	1510.64363
2025-09-03T11:47:39Z	15469.00000	1537.95676	1510.13759
2025-09-03T11:47:39Z	15469.00000	1537.95369	1510.13574	1510.13574
2025-09-03T11:47:39Z	15469.00000	1537.95829	NaN
2025-09-03T11:47:39Z	15469.00000	1537.95982	NaN	NaN
2025-09-03T11:47:39Z	15469.00000	1537.95316	1510.13394
2025-09-03T11:47:39Z	15469.00000	1537.94343
2025-09-03T11:47:40Z	15469.00000	1537.93162
2025-09-03T11:47:40Z	15469.00000	1537.92890
2025-09-03T11:47:40Z	15469.00000	1537.92178
2025-09-03T11:47:40Z	15470.00000	1537.91361
2025-09-03T11:47:40Z	15470.00000	1537.91268
2025-09-03T11:47:40Z	15470.00000	1537.84520
2025-09-03T11:47:40Z	15470.00000	1537.90857
2025-09-03T11:47:40Z	15470.00000	1537.89536
2025-09-03T11:47:40Z	15470.00000	1537.89015
2025-09-03T11:47:40Z	15470.00000	1537.88937
2025-09-03T11:47:41Z	15470.00000	1537.88797
2025-09-03T11:47:41Z	15470.00000	1537.89505
2025-09-03T11:47:41Z	15470.00000	1537.89500
2025-09-03T11:47:41Z	15471.00000	1537.89145
2025-09-03T11:47:41Z	15471.00000	1537.88185
2025-09-03T11:47:41Z	15471.00000	1537.87966
2025-09-03T11:47:41Z	15471.00000	1537.88526
2025-09-03T11:47:41Z	15471.00000	1537.88477
2025-09-03T11:47:41Z	15471.00000	1537.88627
2025-09-03T11:47:41Z	15471.00000	1537.88200
2025-09-03T11:47:42Z	15471.00000	1537.86605
2025-09-03T11:47:42Z	15471.00000	1537.86080
2025-09-03T11:47:42Z	15471.00000	1537.85653
2025-09-03T11:47:42Z	15472.00000	1537.82880
2025-09-03T11:47:42Z	15472.00000	1537.82237
2025-09-03T11:47:42Z	15472.00000	1537.83448
2025-09-03T11:47:42Z	15472.00000	1537.85025
2025-09-03T11:47:42Z	15472.00000	1537.85571
2025-09-03T11:47:42Z	15472.00000	1537.85859
2025-09-03T11:47:42Z	15472.00000	1537.86005
2025-09-03T11:47:43Z	15472.00000	1537.87026
2025-09-03T11:47:43Z	15472.00000	1537.87146
2025-09-03T11:47:43Z	15472.00000	1537.88123
2025-09-03T11:47:43Z	15473.00000	1537.88437
2025-09-03T11:47:43Z	15473.00000	1537.88841
2025-09-03T11:47:43Z	15473.00000	1537.88775
2025-09-03T11:47:43Z	15473.00000	1537.86903
2025-09-03T11:47:43Z	15473.00000	1537.86667
2025-09-03T11:47:43Z	15473.00000	1537.87836
2025-09-03T11:47:43Z	15473.00000	1537.86810
2025-09-03T11:47:44Z	15473.00000	1537.85847
2025-09-03T11:47:44Z	15473.00000	1537.83463
2025-09-03T11:47:44Z	15473.00000	1537.82029
2025-09-03T11:47:44Z	15474.00000	1537.82174
2025-09-03T11:47:44Z	15474.00000	1537.82269
2025-09-03T11:47:44Z	15474.00000	1537.83903
2025-09-03T11:47:44Z	15474.00000	1537.84132
2025-09-03T11:47:44Z	15474.00000	1537.83690
2025-09-03T11:47:44Z	15474.00000	1537.84592
2025-09-03T11:47:44Z	15474.00000	1537.87347
2025-09-03T11:47:45Z	15474.00000	1537.87192
2025-09-03T11:47:45Z	15474.00000	1537.86698
2025-09-03T11:47:45Z	15474.00000	1537.85972
2025-09-03T11:47:45Z	15475.00000	1537.84985
2025-09-03T11:47:45Z	15475.00000	1537.84135
2025-09-03T11:47:45Z	15475.00000	1537.83799
2025-09-03T11:47:45Z	15475.00000	1537.85889
2025-09-03T11:47:45Z	15475.00000	1537.86734
2025-09-03T11:47:45Z	15475.00000	1537.86571
2025-09-03T11:47:45Z	15475.00000	1537.86586
2025-09-03T11:47:46Z	15475.00000	1537.85871
2025-09-03T11:47:46Z	15475.00000	1537.85666
2025-09-03T11:47:46Z	15475.00000	1537.84833
2025-09-03T11:47:46Z	15476.00000	1537.84174
2025-09-03T11:47:46Z	15476.00000	1537.83958
2025-09-03T11:47:46Z	15476.00000	1537.84080
2025-09-03T11:47:46Z	15476.00000	1537.84292
2025-09-03T11:47:46Z	15476.00000	1537.83607
2025-09-03T11:47:46Z	15476.00000	1537.82929
2025-09-03T11:47:46Z	15476.00000	1537.82426
2025-09-03T11:47:47Z	15476.00000	1537.83096
2025-09-03T11:47:47Z	15476.00000	1537.83470
2025-09-03T11:47:47Z	15476.00000	1537.84286
2025-09-03T11:47:47Z	15477.00000	1537.83829
2025-09-03T11:47:47Z	15477.00000	1537.84166
2025-09-03T11:47:47Z	15477.00000	1537.88218
2025-09-03T11:47:47Z	15477.00000	1537.85528
2025-09-03T11:47:47Z	15477.00000	1537.84294
2025-09-03T11:47:47Z	15477.00000	1537.83748
2025-09-03T11:47:47Z	15477.00000	1537.83293
2025-09-03T11:47:48Z	15477.00000	1537.85164
2025-09-03T11:47:48Z	15477.00000	1537.85358
2025-09-03T11:47:48Z	15477.00000	1537.84368	1510.13944
2025-09-03T11:47:48Z	15478.00000	1537.87488
2025-09-03T11:47:48Z	15478.00000	1537.84487
2025-09-03T11:47:48Z	15478.00000	1537.84991
2025-09-03T11:47:48Z	15478.00000	1537.84298
2025-09-03T11:47:48Z	15478.00000	1537.83834	1510.13983
2025-09-03T11:47:48Z	15478.00000	1537.84731
2025-09-03T11:47:48Z	15478.00000	1537.84831
2025-09-03T11:47:49Z	15478.00000	1537.81224
2025-09-03T11:47:49Z	15478.00000	1537.82225
2025-09-03T11:47:49Z	15478.00000	1537.81613
2025-09-03T11:47:49Z	15479.00000	1537.80989
2025-09-03T11:47:49Z	15479.00000	1537.80147
2025-09-03T11:47:49Z	15479.00000	1537.80081	1510.14114
2025-09-03T11:47:49Z	15479.00000	1537.81796
2025-09-03T11:47:49Z	15479.00000	1537.82321
2025-09-03T11:47:49Z	15479.00000	1537.86163
2025-09-03T11:47:49Z	15479.00000	1537.83960
2025-09-03T11:47:50Z	15479.00000	1537.83690
2025-09-03T11:47:50Z	15479.00000	1537.85330
2025-09-03T11:47:50Z	15479.00000	1537.85184
2025-09-03T11:47:50Z	15480.00000	1537.83060
2025-09-03T11:47:50Z	15480.00000	1537.88368
2025-09-03T11:47:50Z	15480.00000	1537.87169
2025-09-03T11:47:50Z	15480.00000	1537.87715
2025-09-03T11:47:50Z	15480.00000	1537.87503
2025-09-03T11:47:50Z	15480.00000	1537.88152
2025-09-03T11:47:50Z	15480.00000	1537.84398
2025-09-03T11:47:51Z	15480.00000	1537.86438
2025-09-03T11:47:51Z	15480.00000	1537.83595
2025-09-03T11:47:51Z	15480.00000	1537.79269	1510.13675
2025-09-03T11:47:51Z	15481.00000	1537.82114
2025-09-03T11:47:51Z	15481.00000	1537.81771
2025-09-03T11:47:51Z	15481.00000	1537.81415
2025-09-03T11:47:51Z	15481.00000	1537.82230
2025-09-03T11:47:51Z	15481.00000	1537.83051
2025-09-03T11:47:51Z	15481.00000	1537.82595
2025-09-03T11:47:51Z	15481.00000	1537.81856
2025-09-03T11:47:52Z	15481.00000	1537.82670
2025-09-03T11:47:52Z	15481.00000	1537.82767
2025-09-03T11:47:52Z	15481.00000	1537.83025
2025-09-03T11:47:52Z	15482.00000	1537.84901
2025-09-03T11:47:52Z	15482.00000	1537.80692	1510.13775
2025-09-03T11:47:52Z	15482.00000	1537.81393	1510.13751
2025-09-03T11:47:52Z	15482.00000	1537.82086
2025-09-03T11:47:52Z	15482.00000	1537.81251
2025-09-03T11:47:52Z	15482.00000	1537.82672
2025-09-03T11:47:52Z	15482.00000	1537.81555
2025-09-03T11:47:53Z	15482.00000	1537.80661	1510.13954	1510.13954
2025-09-03T11:47:53Z	15482.00000	1537.80637	NaN
2025-09-03T11:47:53Z	15482.00000	1537.80582	1510.13999
2025-09-03T11:47:53Z	15483.00000	1537.81152	1510.13679
2025-09-03T11:47:53Z	15483.00000	1537.80964	1510.13995
2025-09-03T11:47:53Z	15483.00000	1537.80628
2025-09-03T11:47:53Z	15483.00000	1537.80591
2025-09-03T11:47:53Z	15483.00000	1537.80946
2025-09-03T11:47:54Z	15483.00000	1537.81126
2025-09-03T11:47:54Z	15483.00000	1537.81920
2025-09-03T11:47:54Z	15484.00000	1537.82189
2025-09-03T11:47:54Z	15484.00000	1537.81785
2025-09-03T11:47:54Z	15484.00000	1537.83147
2025-09-03T11:47:54Z	15484.00000	1537.82561
2025-09-03T11:47:54Z	15484.00000	1537.83726
2025-09-03T11:47:54Z	15484.00000	1537.83256
2025-09-03T11:47:54Z	15484.00000	1537.82612
2025-09-03T11:47:55Z	15484.00000	1537.82202
2025-09-03T11:47:55Z	15484.00000	1537.82124
2025-09-03T11:47:55Z	15484.00000	1537.81600
2025-09-03T11:47:55Z	15485.00000	1537.81781
2025-09-03T11:47:55Z	15485.00000	1537.82921
2025-09-03T11:47:55Z	15485.00000	1537.82856
2025-09-03T11:47:55Z	15485.00000	1537.83187
2025-09-03T11:47:55Z	15485.00000	1537.82653
2025-09-03T11:47:55Z	15485.00000	1537.82212
2025-09-03T11:47:56Z	15485.00000	1537.83307
2025-09-03T11:47:56Z	15485.00000	1537.81395
2025-09-03T11:47:56Z	15485.00000	1537.81354
2025-09-03T11:47:56Z	15486.00000	1537.83116
2025-09-03T11:47:56Z	15486.00000	1537.81855
2025-09-03T11:47:56Z	15486.00000	1537.81218
2025-09-03T11:47:56Z	15486.00000	1537.81847
2025-09-03T11:47:56Z	15486.00000	1537.81081
2025-09-03T11:47:56Z	15486.00000	1537.80886
2025-09-03T11:47:57Z	15486.00000	1537.81407
2025-09-03T11:47:57Z	15486.00000	1537.80693
2025-09-03T11:47:57Z	15486.00000	1537.81060
2025-09-03T11:47:57Z	15486.00000	1537.81418
2025-09-03T11:47:57Z	15487.00000	1537.81027
2025-09-03T11:47:57Z	15487.00000	1537.82338
2025-09-03T11:47:57Z	15487.00000	1537.81773
2025-09-03T11:47:57Z	15487.00000	1537.81491
2025-09-03T11:47:57Z	15487.00000	1537.81505
2025-09-03T11:47:58Z	15487.00000	1537.81616
2025-09-03T11:47:58Z	15487.00000	1537.81787
2025-09-03T11:47:58Z	15488.00000	1537.81733
2025-09-03T11:47:58Z	15488.00000	1537.82143
2025-09-03T11:47:58Z	15488.00000	1537.81635
2025-09-03T11:47:58Z	15488.00000	1537.81629
2025-09-03T11:47:58Z	15488.00000	1537.82137
2025-09-03T11:47:58Z	15488.00000	1537.82217
2025-09-03T11:47:59Z	15488.00000	1537.81878
2025-09-03T11:47:59Z	15488.00000	1537.81885
2025-09-03T11:47:59Z	15489.00000	1537.81964
2025-09-03T11:47:59Z	15489.00000	1537.81984
2025-09-03T11:47:59Z	15489.00000	1537.81847
2025-09-03T11:47:59Z	15489.00000	1537.81764	1510.14098
2025-09-03T11:47:59Z	15489.00000	1537.81768	1510.13957
2025-09-03T11:47:59Z	15489.00000	1537.82134	1510.13903
2025-09-03T11:48:00Z	15489.00000	1537.82103	1510.14275
2025-09-03T11:48:00Z	15489.00000	1537.82067	1510.14031
2025-09-03T11:48:00Z	15490.00000	1537.82036	1510.14134
2025-09-03T11:48:00Z	15490.00000	1537.81919	1510.13796
2025-09-03T11:48:00Z	15490.00000	1537.82105
2025-09-03T11:48:00Z	15490.00000	1537.82220
2025-09-03T11:48:00Z	15490.00000	1515.71010
2025-09-03T11:48:00Z	15490.00000	1515.72240
2025-09-03T11:48:00Z	15490.00000	1515.75133
2025-09-03T11:48:01Z	15490.00000	1515.53185
2025-09-03T11:48:01Z	15490.00000	1515.73440
2025-09-03T11:48:01Z	15490.00000	1515.73374
2025-09-03T11:48:01Z	15491.00000	1515.73840
2025-09-03T11:48:01Z	15491.00000	1515.81696
2025-09-03T11:48:01Z	15491.00000	1515.52090
2025-09-03T11:48:01Z	15491.00000	1515.82917
2025-09-03T11:48:01Z	15491.00000	1515.82613
2025-09-03T11:48:01Z	15491.00000	1515.82021
2025-09-03T11:48:02Z	15491.00000	1515.75448
2025-09-03T11:48:02Z	15491.00000	1515.72196
2025-09-03T11:48:02Z	15491.00000	1515.80589
2025-09-03T11:48:02Z	15492.00000	1515.73860
2025-09-03T11:48:02Z	15492.00000	1515.80277
2025-09-03T11:48:02Z	15492.00000	1515.72132
2025-09-03T11:48:02Z	15492.00000	1515.82183
2025-09-03T11:48:02Z	15492.00000	1515.72157
2025-09-03T11:48:02Z	15492.00000	1515.71716
2025-09-03T11:48:03Z	15492.00000	1515.82134
2025-09-03T11:48:03Z	15492.00000	1515.81611
2025-09-03T11:48:03Z	15492.00000	1515.73418
2025-09-03T11:48:03Z	15493.00000	1515.71715
2025-09-03T11:48:03Z	15493.00000	1515.71313
2025-09-03T11:48:03Z	15493.00000	1515.80271
2025-09-03T11:48:03Z	15493.00000	1515.81300
2025-09-03T11:48:03Z	15493.00000	1515.82685
2025-09-03T11:48:03Z	15493.00000	1515.73017
2025-09-03T11:48:04Z	15493.00000	1515.70484
2025-09-03T11:48:04Z	15493.00000	1515.51727
2025-09-03T11:48:04Z	15494.00000	1515.73926
2025-09-03T11:48:04Z	15494.00000	1515.73176
2025-09-03T11:48:04Z	15494.00000	1515.73962
2025-09-03T11:48:04Z	15494.00000	1515.73585
2025-09-03T11:48:04Z	15494.00000	1515.52606
2025-09-03T11:48:05Z	15494.00000	1515.81790
2025-09-03T11:48:05Z	15494.00000	1515.73926
2025-09-03T11:48:05Z	15494.00000	1515.83152
2025-09-03T11:48:05Z	15495.00000	1515.80563
2025-09-03T11:48:05Z	15495.00000	1515.82555
2025-09-03T11:48:05Z	15495.00000	1515.75591
2025-09-03T11:48:05Z	15495.00000	1515.74050
2025-09-03T11:48:05Z	15495.00000	1515.62063
2025-09-03T11:48:05Z	15495.00000	1515.32968
2025-09-03T11:48:05Z	15495.00000	1515.73453
2025-09-03T11:48:06Z	15495.00000	1515.81312
2025-09-03T11:48:06Z	15495.00000	1515.72206
2025-09-03T11:48:06Z	15495.00000	1515.74257
2025-09-03T11:48:06Z	15496.00000	1515.73003
2025-09-03T11:48:06Z	15496.00000	1515.50292
